{
 "cells": [
  {
   "cell_type": "markdown",
   "metadata": {},
   "source": [
    "[link](https://machinelearningmastery.com/calculate-principal-component-analysis-scratch-python/)"
   ]
  },
  {
   "cell_type": "code",
   "execution_count": 30,
   "metadata": {},
   "outputs": [],
   "source": [
    "from numpy import array\n",
    "from numpy import mean\n",
    "from numpy import std\n",
    "from numpy import cov\n",
    "from numpy.linalg import eig\n",
    "from numpy.linalg import svd\n"
   ]
  },
  {
   "cell_type": "code",
   "execution_count": 26,
   "metadata": {},
   "outputs": [
    {
     "name": "stdout",
     "output_type": "stream",
     "text": [
      "[[1 2 4]\n",
      " [3 4 3]\n",
      " [5 6 5]\n",
      " [6 7 6]\n",
      " [5 9 7]]\n"
     ]
    }
   ],
   "source": [
    "# define a matrix\n",
    "A = array([[1, 2,4], [3, 4,3], [5, 6,5],[6,7,6], [5,9,7]])\n",
    "print(A)\n"
   ]
  },
  {
   "cell_type": "code",
   "execution_count": 27,
   "metadata": {},
   "outputs": [
    {
     "name": "stdout",
     "output_type": "stream",
     "text": [
      "[4.  5.6 5. ]\n"
     ]
    }
   ],
   "source": [
    "# calculate the mean of each column\n",
    "M = mean(A.T, axis=1)\n",
    "print(M)\n"
   ]
  },
  {
   "cell_type": "code",
   "execution_count": 28,
   "metadata": {
    "scrolled": true
   },
   "outputs": [
    {
     "name": "stdout",
     "output_type": "stream",
     "text": [
      "[[-3.  -3.6 -1. ]\n",
      " [-1.  -1.6 -2. ]\n",
      " [ 1.   0.4  0. ]\n",
      " [ 2.   1.4  1. ]\n",
      " [ 1.   3.4  2. ]]\n"
     ]
    }
   ],
   "source": [
    "# center columns by subtracting column means\n",
    "C = A - M\n",
    "print(C)\n"
   ]
  },
  {
   "cell_type": "code",
   "execution_count": 31,
   "metadata": {},
   "outputs": [
    {
     "data": {
      "text/plain": [
       "array([1.78885438, 2.41660919, 1.41421356])"
      ]
     },
     "execution_count": 31,
     "metadata": {},
     "output_type": "execute_result"
    }
   ],
   "source": [
    "st = std(A.T, axis = 1)\n",
    "st"
   ]
  },
  {
   "cell_type": "code",
   "execution_count": 33,
   "metadata": {},
   "outputs": [
    {
     "data": {
      "text/plain": [
       "array([[-1.67705098, -1.4896906 , -0.70710678],\n",
       "       [-0.55901699, -0.66208471, -1.41421356],\n",
       "       [ 0.55901699,  0.16552118,  0.        ],\n",
       "       [ 1.11803399,  0.57932412,  0.70710678],\n",
       "       [ 0.55901699,  1.40693001,  1.41421356]])"
      ]
     },
     "execution_count": 33,
     "metadata": {},
     "output_type": "execute_result"
    }
   ],
   "source": [
    "scale = C / st\n",
    "scale"
   ]
  },
  {
   "cell_type": "code",
   "execution_count": 29,
   "metadata": {
    "scrolled": true
   },
   "outputs": [
    {
     "name": "stdout",
     "output_type": "stream",
     "text": [
      "[[4.   4.75 2.25]\n",
      " [4.75 7.3  3.75]\n",
      " [2.25 3.75 2.5 ]]\n"
     ]
    }
   ],
   "source": [
    "# calculate covariance matrix of centered matrix\n",
    "V = cov(C.T)\n",
    "print(V)\n"
   ]
  },
  {
   "cell_type": "code",
   "execution_count": 15,
   "metadata": {
    "scrolled": true
   },
   "outputs": [],
   "source": [
    "# eigendecomposition of covariance matrix\n",
    "values, vectors = eig(V)\n",
    "\n"
   ]
  },
  {
   "cell_type": "code",
   "execution_count": 16,
   "metadata": {},
   "outputs": [
    {
     "name": "stdout",
     "output_type": "stream",
     "text": [
      "[[-0.52253251 -0.74622452  0.41244241]\n",
      " [-0.75419632  0.17891219 -0.63180562]\n",
      " [-0.39767787  0.64120153  0.65628721]]\n"
     ]
    }
   ],
   "source": [
    "print(vectors)"
   ]
  },
  {
   "cell_type": "code",
   "execution_count": 17,
   "metadata": {},
   "outputs": [
    {
     "name": "stdout",
     "output_type": "stream",
     "text": [
      "[12.56828543  0.92781962  0.30389496]\n"
     ]
    }
   ],
   "source": [
    "print(values)"
   ]
  },
  {
   "cell_type": "code",
   "execution_count": 14,
   "metadata": {},
   "outputs": [
    {
     "name": "stdout",
     "output_type": "stream",
     "text": [
      "[[ 4.68038215  0.95338815  0.38088579]\n",
      " [ 2.52460236 -0.82243804 -0.71412784]\n",
      " [-0.82421104 -0.67465964  0.15972016]\n",
      " [-2.49861774 -0.60077044  0.59664417]\n",
      " [-3.88215573  1.14447997 -0.42312228]]\n"
     ]
    }
   ],
   "source": [
    "# project data\n",
    "P = vectors.T.dot(C.T)\n",
    "print(P.T)"
   ]
  },
  {
   "cell_type": "code",
   "execution_count": 24,
   "metadata": {},
   "outputs": [],
   "source": [
    "# by svd"
   ]
  },
  {
   "cell_type": "code",
   "execution_count": 20,
   "metadata": {},
   "outputs": [],
   "source": [
    "  U, S, V = svd(V)"
   ]
  },
  {
   "cell_type": "code",
   "execution_count": 21,
   "metadata": {},
   "outputs": [
    {
     "data": {
      "text/plain": [
       "array([[-0.52253251,  0.74622452,  0.41244241],\n",
       "       [-0.75419632, -0.17891219, -0.63180562],\n",
       "       [-0.39767787, -0.64120153,  0.65628721]])"
      ]
     },
     "execution_count": 21,
     "metadata": {},
     "output_type": "execute_result"
    }
   ],
   "source": [
    "#vector\n",
    "U"
   ]
  },
  {
   "cell_type": "code",
   "execution_count": 22,
   "metadata": {},
   "outputs": [
    {
     "data": {
      "text/plain": [
       "array([12.56828543,  0.92781962,  0.30389496])"
      ]
     },
     "execution_count": 22,
     "metadata": {},
     "output_type": "execute_result"
    }
   ],
   "source": [
    "#values\n",
    "S"
   ]
  },
  {
   "cell_type": "code",
   "execution_count": 23,
   "metadata": {},
   "outputs": [
    {
     "data": {
      "text/plain": [
       "array([[-0.52253251, -0.75419632, -0.39767787],\n",
       "       [ 0.74622452, -0.17891219, -0.64120153],\n",
       "       [ 0.41244241, -0.63180562,  0.65628721]])"
      ]
     },
     "execution_count": 23,
     "metadata": {},
     "output_type": "execute_result"
    }
   ],
   "source": [
    "V"
   ]
  },
  {
   "cell_type": "code",
   "execution_count": null,
   "metadata": {},
   "outputs": [],
   "source": []
  }
 ],
 "metadata": {
  "kernelspec": {
   "display_name": "Python 3",
   "language": "python",
   "name": "python3"
  },
  "language_info": {
   "codemirror_mode": {
    "name": "ipython",
    "version": 3
   },
   "file_extension": ".py",
   "mimetype": "text/x-python",
   "name": "python",
   "nbconvert_exporter": "python",
   "pygments_lexer": "ipython3",
   "version": "3.6.7"
  },
  "toc": {
   "base_numbering": 1,
   "nav_menu": {},
   "number_sections": true,
   "sideBar": true,
   "skip_h1_title": false,
   "title_cell": "Table of Contents",
   "title_sidebar": "Contents",
   "toc_cell": false,
   "toc_position": {},
   "toc_section_display": true,
   "toc_window_display": false
  }
 },
 "nbformat": 4,
 "nbformat_minor": 2
}
